0.2895651
0.422615
0.7179427
0.7391473
0.6682336
0.06600351
0.5976561
0.7381547
0.7149669
-0.07922355
0.2156755
0.1226703
0.66432
0.5894928
0.4439352
0.5733842
0.3291401
0.2660612
0.01352884
0.03047426
0.6377745
0.05030482
0.4128181
0.748485
0.4664685
0.6503286
0.3339307
0.4567053
0.7391471
0.7614617
0.7778513
0.6896235
0.5760419
0.5592969
-0.1421803
0.4448069
0.6098499
0.4010257
0.7830155
0.1205248
0.211498
0.1553989
0.2935347
0.6136837
0.7018023
0.1541087
0.7902518
0.6107824
0.4872781
0.2832119
0.1775542
0.01805465
0.6605671
0.1813709
0.427238
0.3099072
0.3880763
0.7115563
0.512802
0.2014217
0.4480786
0.5193125
0.7366348
0.4670654
0.1016163
0.5552983
0.6072652
0.5739065
0.4193377
0.6950359
0.7292325
-0.05020877
-0.006455801
0.3540463
0.5643523
0.6032671
0.6351523
0.1505255
0.4967119
0.7189196
0.3312874
0.1720858
0.1983105
0.3665408
0.5783418
0.563942
0.8394256
0.6509412
0.02629244
0.7759936
0.2061383
0.5094565
0.4327197
0.7652053
0.4860848
0.4731135
0.7060897
0.5783281
0.5321223
0.04046162
0.8115878
0.5914147
0.03580272
0.4295102
0.7580303
0.3854217
0.7991404
0.2408674
0.3527398
0.4952746
0.6023057
0.6390419
0.6233539
0.02694176
0.7823022
0.4276936
0.4085713
0.4510725
0.6576672
0.1754853
0.4683257
0.7515488
0.5011617
0.2184606
0.8110828
0.1967799
0.3891057
0.1568347
0.03217445
0.3243863
0.4580512
0.2314727
0.4694697
-0.03034722
0.2102286
0.7548571
0.4820043
0.3980409
0.8259959
-0.09519123
0.2538072
0.3572702
0.6623661
0.03725669
0.5602474
0.2182066
0.7183987
0.4478494
0.7256316
0.6251747
0.6324473
0.899266
0.6048995
0.3269114
0.1540863
0.5227314
0.7173228
0.4060819
0.4805849
0.2475393
0.3456915
0.4529409
0.6685035
0.2506677
0.4835688
0.5666224
0.4919701
0.6063377
0.4813999
0.4045874
0.1158577
0.3599381
0.0916527
0.5148222
0.4686362
0.2147932
0.7676692
0.4335286
0.6168187
0.413212
0.1650138
0.4846883
0.7049655
0.7610235
0.3974597
0.3706057
0.5893651
0.6733827
0.7502013
0.6146906
0.615572
0.4794943
0.4990413
0.1823413
0.5955668
0.4674806
0.5695408
0.1745266
0.6510201
0.4288921
0.5668487
0.4036445
0.4823051
0.7562847
0.5457489
0.09633946
0.7654598
0.801557
0.4761775
0.7027513
0.3097732
0.4480929
0.7862937
0.5887915
0.3401154
0.6726844
0.384414
0.3918184
0.5573233
0.4339035
0.7308587
0.5381078
0.4207988
0.6736568
0.7368869
0.3579667
0.6817941
0.6171836
0.5733627
0.5075793
0.532676
0.04049986
0.7126661
0.4533393
0.2158448
0.6303335
0.082882
0.1324472
0.7084911
0.5636718
0.459539
0.6359355
0.615367
0.2616339
0.6896924
0.7256327
0.7702146
-0.1080099
0.3567389
0.2541795
0.3025802
0.1105952
0.3616803
0.6038067
0.7762111
0.4694566
0.5447528
0.1249607
0.5080407
0.1502538
0.7630508
0.3222217
0.7590826
0.6279594
0.31652
0.6369715
0.8150369
0.3746043
0.7095415
0.7517198
0.6441977
0.2967795
0.6263618
0.446181
0.0242941
0.6140549
0.7804683
0.331597
0.7286425
0.3007956
0.2681974
0.7342474
0.2983332
0.2640675
-0.07195604
0.543745
0.5470167
0.6711083
0.6235887
0.255799
0.6407783
0.3086408
0.1998508
0.5006362
0.2903852
0.6432431
0.4750971
0.7262223
0.6474449
0.5226689
0.5760166
0.4470511
0.7844911
0.6847733
0.4066723
-0.06327677
0.6211261
0.6443841
0.8237827
0.6965631
0.2963227
0.2072222
0.3652017
0.5973515
0.3233168
0.3240241
0.5029092
0.4900181
0.7531787
0.4188428
0.6082023
0.5427389
0.3284236
0.494937
0.4933546
0.6083868
0.7118937
0.3572872
0.6574973
0.2842181
0.3881184
0.6477573
0.8006054
0.6334243
0.1140778
0.3163645
0.6326608
0.04671312
0.5961652
0.6745105
0.5388083
0.5684742
0.4421918
0.05670393
0.03367474
0.1346645
0.1116846
0.6502685
0.4091465
-0.01822829
0.06029649
0.6664747
0.6502911
0.4974643
0.8704558
0.7660505
0.4894691
0.8398073
0.1242869
0.3648072
0.3379695
0.6126577
0.5003621
0.1150964
0.3224163
0.8091236
0.5010092
0.518758
0.150777
0.5298125
0.3491624
0.4840598
0.6043795
0.248643
0.5866097
0.6757984
0.767996
0.03840653
0.6818295
0.4926208
0.2722264
0.09072963
0.3680417
0.2272213
0.4567831
0.3952596
0.6729289
0.6611286
0.3067248
0.5802064
0.6357139
0.6776471
0.4692285
0.2510116
0.2350036
0.7215273
0.7290444
0.5970394
0.5472842
0.1527845
0.4462962
0.5844765
0.6812478
0.3252196
0.65018
0.4262833
0.2383794
0.8313535
0.3131766
0.7882881
0.5921807
0.5557984
0.1505203
0.822249
0.2291529
0.2150164
0.1751575
0.2281348
0.2805256
0.425566
0.18422
0.4752517
0.8118441
0.7871424
0.6184515
0.5846028
0.3441192
0.5710554
0.6596777
0.4079025
0.56355
0.213345
0.5518705
0.5109175
0.2546989
0.2338815
0.4637595
0.1400049
0.3828102
0.5743076
0.7515595
0.03640027
0.1420709
0.08229332
0.7554738
0.7138802
0.4037364
0.1646362
-0.04849834
0.1320736
0.1711863
0.6494413
0.4132017
-0.03495438
0.8612809
0.06460894
0.5187306
0.4385137
0.2878938
0.5219036
0.1520233
0.7628175
0.4005887
0.0458488
0.5713961
0.4828699
0.5414975
0.1868013
0.1906953
0.2748659
0.8055894
-0.1252539
0.7521189
0.6427262
0.2825633
0.6089191
-0.1180851
0.3738901
0.7968174
0.3465053
0.5131541
0.6412379
0.2713962
0.3307694
0.3298872
-0.01017349
0.2941314
0.7097315
0.2051588
0.5733132
0.5089208
0.5493053
0.5814613
0.5108286
0.07582047
0.3254288
0.5421346
0.1107023
0.2098685
0.3647525
0.06454448
0.02814045
0.5908698
0.1847629
0.3910342
0.4970548
0.383861
0.3102444
0.5224475
0.6195275
0.6383662
0.3907278
0.5780662
0.1972555
0.3796166
0.5956546
0.1343394
0.7919783
0.4695014
0.08811627
0.6089959
0.01179506
0.8110599
0.4232018
0.6860622
0.2176577
0.7544165
0.3214259
0.7945458
0.4321537
0.8103614
0.5633128
0.6216173
0.4862941
0.4935547
0.363234
0.5991101
0.3312861
0.6056436
0.4261954
0.8576666
0.6534575
0.06172653
0.3025226
0.6432795
0.7342989
0.3520391
0.3104506
0.003587622
0.4320823
0.116272
0.4613932
0.4612533
0.01733642
-0.1335299
0.7114725
0.2119802
0.2906743
0.3994549
0.482342
0.5600622
0.8173605
0.4815858
0.6264851
0.378971
0.335841
0.3918116
0.6331895
0.6724037
0.3924919
0.208027
0.6112742
0.463764
0.6207029
0.4168519
0.3466839
0.6781347
0.6251269
0.2075557
0.4699577
0.09768721
0.1469993
0.4770121
0.8390881
0.4511787
0.7043697
0.3937744
0.06885509
0.1558032
0.7821531
0.07749229
0.4118947
0.3388426
0.1014136
0.1191109
0.4845656
0.1748373
0.1744208
0.5439424
0.3504541
0.3954663
0.209666
0.6489353
0.8321632
0.0802082
0.7558932
0.2050685
0.5783303
0.3141403
0.4624717
0.6362394
0.5966179
0.1226331
0.3081383
0.2630037
0.4223315
0.4239924
0.5778245
-0.2018921
-0.006343303
0.3420949
0.2310422
0.3711533
0.3276239
0.2035821
-0.05082429
0.652055
0.596599
0.5743046
0.2703685
0.5081532
0.6150972
0.1735207
0.06649139
0.2127804
0.1678372
0.70245
0.1276551
0.3162985
0.3232288
0.1205412
0.5733165
0.666823
0.7811204
0.2224584
0.3118975
0.7187253
0.5882099
0.4235403
0.2283574
0.5070906
0.5846149
0.4136949
0.4302004
0.6284927
0.6083133
0.1054453
0.4854923
0.7551526
0.6439885
0.6420674
0.03482667
0.4796415
0.6057775
0.6831531
0.3210843
0.5618079
0.4389548
0.5875352
0.1454889
0.5314515
0.3851121
0.6309401
0.7696172
0.0585813
0.4781441
0.5683195
0.3941741
0.4359617
0.6520624
0.4394151
0.4248599
0.5260522
0.602268
0.750487
0.5741758
0.5616872
0.09706215
0.4601638
0.4623387
0.177798
0.6210911
0.7536695
0.2937199
0.5965827
0.4452353
0.2511652
0.6938209
0.7436296
-0.05486602
0.2841042
0.696434
0.7228562
0.5342529
0.7220923
0.5665479
0.4057746
0.783664
0.7041588
0.3404685
0.757625
0.0750435
0.8349369
0.3976336
0.6894102
0.617833
0.7332108
0.8021092
0.6145952
0.6104327
0.8597044
0.3612948
0.7950784
0.2516206
0.6081443
0.4160472
0.5532247
0.5464449
0.5833866
0.6344502
0.6585681
0.2285438
0.7272498
0.3526075
0.4738416
0.1787893
0.4617886
0.592494
0.3834343
0.2868629
0.4434321
0.4343677
0.6246923
0.1851787
0.19293
0.6954328
0.7936683
0.04357078
0.3648734
0.3981625
0.5445887
0.4759581
0.774
0.586873
0.2150164
0.5689826
0.6771961
0.5261777
0.3759177
0.05450871
0.6426308
0.511102
0.3394426
0.4995093
0.6492581
0.3840707
0.4634329
0.3233518
0.621974
0.1443439
0.4240375
0.5937379
0.5838877
0.03850101
0.3700795
0.3799253
0.2968997
0.2002798
0.3906192
0.3462903
0.6452547
0.3992209
0.5363469
0.147084
0.2789047
0.05815759
0.4009626
0.2026939
0.2888358
0.2919969
0.7504577
0.3910141
0.7779768
0.2999938
0.638584
0.4477417
0.3170995
0.5427396
0.3053978
0.8855099
0.07441611
0.2637829
0.1734125
0.03099592
0.5226615
0.5965464
0.1546434
0.1619218
0.5501195
0.2517575
0.191843
0.3158583
0.6149859
0.4011556
0.623912
0.1444939
0.7921696
0.34472
0.7336775
0.630043
0.4407474
-0.01031382
-0.1636675
0.2402214
0.5099567
0.2057123
0.8125869
0.8401994
0.6188265
-0.03528395
0.4098287
0.6706106
0.6784938
0.7778104
0.692726
0.5065343
0.1378696
0.6519275
0.7474952
0.08498817
0.3161105
0.353808
0.8213092
0.4154437
0.312509
0.7148989
0.4518925
0.6384364
0.2041908
0.3948523
0.3223968
0.636968
0.4641121
0.265688
0.6000645
0.7639603
0.4170006
0.07263993
-0.0303919
0.2637989
0.1105747
0.8016931
0.3063189
0.1313565
0.459824
0.3178727
0.3689621
0.7037992
0.3226803
0.4834799
0.7084361
0.1564509
0.7879926
0.7357805
0.1357759
0.06893069
0.7993353
0.5776274
0.8203308
0.1906707
0.5457391
0.3067823
0.7686348
0.6939451
0.0265485
0.5051392
0.2166221
0.5272867
0.5639221
0.7529344
0.6756756
0.03277629
0.3670334
0.4610836
0.6976788
0.5094276
0.7655577
-0.1023115
0.8239858
0.4303583
0.1151908
0.7219936
0.2918241
0.353737
0.4613736
0.5487384
0.1354493
-0.09029985
0.6316147
0.3126122
0.2169043
0.7553698
0.1360389
0.2367638
0.02009941
0.7336285
0.4887246
0.1945085
0.2289386
0.1849695
0.6429989
0.1327292
0.7330083
0.7649725
0.6894639
0.3316418
0.1781062
0.3737556
0.1282344
0.2978502
0.7415839
0.6885556
0.6960968
0.339459
0.3885406
0.4092444
0.5725281
0.4129179
0.4857219
0.650689
0.6879572
0.3304022
0.5864955
-0.008912095
0.5031592
0.3130029
0.4961571
-0.1890859
0.5720803
0.2822707
0.5158703
0.41738
0.4903375
0.4384877
0.1219978
0.5726191
0.6627445
0.5486366
0.65476
0.6763558
0.1574381
0.5298488
0.01274528
0.4386091
0.2955508
0.2257408
0.5049451
0.2544713
0.167064
0.1588745
0.2593165
0.5063837
0.5420517
0.4449599
0.7470142
0.537115
0.33047
0.001419619
0.4136224
0.5168729
0.546705
0.6822681
-0.09148282
0.1820003
0.814571
0.5027769
-0.06011192
0.1364029
0.5890652
0.5516179
0.650709
-0.1608309
0.7865092
0.05170113
0.4906663
0.2813847
0.6169062
0.3128797
0.6973062
0.3750692
0.4193344
0.1061402
0.696637
0.3127372
0.4296304
0.4939666
0.2065441
0.6841593
0.6755762
0.6068439
0.6426255
0.8231301
0.2084722
0.4745418
0.4352123
0.729772
0.3362718
0.4969429
-0.0157747
0.6099786
0.4828021
0.441378
0.4888808
0.3272202
0.6631056
0.5480753
0.0279117
-0.03523153
0.3744119
0.595781
0.3146622
0.6421837
0.2501781
0.297771
0.4297807
0.5150146
0.6812588
0.577371
0.3284583
0.1834417
0.3780128
0.679642
0.497746
0.7770149
0.2942822
0.2608074
0.3755035
0.4976336
0.1394071
0.773058
0.6458067
0.8268306
0.3233457
0.258444
0.4384801
0.8141399
0.7763969
0.3995204
0.6454812
0.7659656
0.6923204
0.5971277
0.7265472
0.2423191
0.3342596
0.8335798
0.5473813
0.5895363
0.614997
0.08648471
0.3909536
0.6273006
0.8205602
0.6818556
0.5972022
0.5842293
-0.0008911004
0.5763596
0.2951491
0.3524147
0.119796
0.5432718
0.6197509
0.5608227
0.7366253
0.2353389
0.7978608
0.6433707
0.2021747
0.05272236
0.625277
0.4303966
0.7138315
0.404464
0.7804032
0.5416979
0.4857056
-0.08585091
0.5955552
0.3196664
0.3425575
0.3537807
0.427445
0.4905454
0.3006401
0.4798776
0.2091216
0.675592
0.3538734
0.7889164
0.8011132
0.7052805
0.2932875
0.5801769
0.5765497
0.7069182
0.6734273
0.3934948
0.4996648
0.5338008
0.4178455
0.5767995
0.126966
0.05940247
0.723022
0.5156461
0.1558946
0.8338213
0.516575
0.4843228
0.4262326
0.2496461
0.4986261
0.3266074
0.7248406
0.3392856
0.3325152
0.5676628
0.7973129
0.770031
0.3433631
0.01476111
0.6944618
0.4978337
0.7501205
0.7463536
0.604263
0.1650171
0.1248852
0.4139521
0.3550104
0.3971438
0.4081008
0.09666231
0.1790775
-0.03011891
0.7734658
0.6480091
0.6095282
0.5405551
0.776694
0.6146496
0.5653292
0.3298527
0.411429
0.4036426
0.2711169
0.3493639
0.5961549
0.5594831
0.5743793
0.5415474
0.2354064
-0.02287254
0.5339524
0.01634161
0.6339344
0.6253218
0.2028551
0.331782
0.6085018
0.5488041
0.5260247
0.6612416
0.4719337
0.3475194
0.6158716
0.4916106
0.1224451
0.6547611
0.6903228
0.5590463
0.6840522
0.6780287
0.1643239
0.1319774
0.6609502
0.4377521
0.7697254
0.7231789
0.4815333
0.5625743
0.08508512
0.5911366
0.7013636
0.6197171
0.5036901
-0.01959457
0.3787651
0.3359831
0.6010693
0.5393353
0.3637272
0.3386543
0.04859823
0.7485301
0.5085721
0.6643498
0.6810453
0.4210081
0.2153998
0.6689587
0.4969084
0.3890239
0.2966509
0.3773291
0.3393604
0.3240939
0.4376961
0.3437509
0.758188
0.6469946
0.4725138
0.4185861
0.7240208
0.6840951
0.3357713
0.809744
0.6104132
0.5859483
0.3399953
0.7892235
0.09834166
-0.1062413
0.7022423
0.4489221
0.8151013
0.5212378
0.4151178
0.7640203
0.62729
0.2642538
0.2196571
0.07163787
0.6370069
0.5933192
0.6812367
0.5058969
0.6859953
0.3868925
0.1762844
0.6928101
0.7186271
-0.200502
0.07582787
0.6341253
0.5851332
0.3580842
0.08244724
0.6539061
0.4373786
0.5742029
0.1184706
0.5358109
0.1093847
0.3007431
0.715387
0.3263324
0.3005135
0.3838172
0.5199253
0.1731061
0.7296008
0.7256389
0.4223734
0.8478478
-0.01038301
0.3307906
0.6308084
0.09129646
0.6691251
0.5696997
0.7323894
0.2266584
0.2641203
0.4676338
0.04753855
0.4344647
0.7513488
0.37785
0.4976128
-0.07506703
0.4843435
0.3230603
0.5788283
0.5430499
0.07661881
0.08222104
0.09205529
0.5286589
-0.07310015
0.2473183
0.5242125
0.09479583
0.5124748
0.684216
0.7660118
-0.01636562
0.802896
0.0802162
0.1372556
0.3539789
0.7564203
0.5235351
0.2837031
0.4908642
0.8790506
0.3354299
0.5467585
0.2245017
0.4402282
0.5079071
0.5487173
0.5630103
0.2365009
0.3913018
0.5557705
0.4111068
0.19536
0.1331813
0.684871
0.08390918
0.5287638
0.7811274
-0.04303732
0.6765801
0.6179376
0.5204533
0.5060071
0.6715074
0.8484782
0.7307215
0.3843473
0.1402566
0.6807049
0.1731347
0.7092129
0.8571673
0.485389
-0.09093151
0.3899258
0.2104548
0.2580142
0.4272996
0.5121273
0.1482084
0.4895575
0.7736286
0.6070103
0.3705754
0.6835614
0.635199
-0.3059155
0.5714531
0.2344006
0.3087114
0.1911683
0.8474824
0.6928314
-0.05411172
0.10975
0.6529657
0.5846534
0.6353862
0.5214272
0.5299271
0.6507569
0.3033249
0.745289
0.68031
0.5583723
0.7122532
0.6042128
0.3153641
0.6582689
0.7269387
0.6728592
0.4526836
0.1622371
0.281118
0.6757888
0.1656876
0.3949337
0.5943719
0.138001
0.7391292
0.7202517
0.5738064
0.04799163
0.3245276
0.4492953
0.1121233
0.5564456
0.7259051
0.5370701
0.7742284
0.4229314
0.298718
0.7540159
0.5420468
0.586696
0.7587994
0.2402072
0.3483314
0.71216
0.6724324
0.1399714
0.6320583
0.1627623
0.4818176
0.6971572
0.2225606
0.6706508
0.3202637
0.4359916
0.00153707
0.03542316
0.5779785
0.655872
0.2564468
0.5815321
0.1421944
0.5531624
0.4801654
0.2862979
0.2774394
0.4284064
0.7465686
0.3067327
0.3483609
0.3881013
0.4833119
0.03722046
0.5323189
0.1433687
0.46268
0.7986433
0.7397353
0.5872695
0.4267676
0.525154
0.6498076
0.6155867
0.7948123
0.6475307
0.09844104
0.4308404
0.223836
0.4446924
0.5775013
0.4789809
0.6112084
0.6405417
0.4856284
-0.02037287
0.4890553
0.7467557
0.3591566
0.1191221
0.4315497
0.4520689
0.7014539
0.7360963
0.615115
0.2268352
0.781043
0.05030553
0.7165703
0.6385418
0.2179528
0.8275331
0.09289252
0.6493675
0.6210492
0.4777807
0.7551393
0.2922023
0.5862081
0.6782649
0.7455723
0.8962829
0.3725402
0.3060313
0.4358518
0.6593184
-0.06027611
0.4625117
0.3206482
0.5303533
0.2844363
0.6397062
0.6850239
0.2007181
0.7215898
0.1876527
0.6240901
0.5586073
-0.02940586
0.5003057
-0.007335875
0.6877077
0.3570128
0.01813306
0.4880963
0.3524765
0.8277555
0.1720358
0.5297944
0.6457894
0.413528
0.5794013
0.6075795
0.5312263
0.5657022
0.7161119
0.8499041
0.6577974
0.666269
0.3666343
0.4350854
0.534756
0.716489
0.5244771
0.2174738
0.7589516
0.7203958
0.03459003
0.2714583
0.469201
0.769172
0.2484416
0.5780704
0.4141577
0.3727767
-0.01225906
0.4893297
0.4345448
0.1409691
0.8069687
0.5246134
0.4517894
0.5827042
0.541338
0.4086151
0.1514619
0.6701041
0.4297481
0.08336297
0.4012175
0.5213507
0.4544771
0.6790647
0.4391038
0.4907898
0.6254574
0.7481924
0.8002291
0.7262824
0.6496462
0.0998238
0.6091236
0.2671166
0.02473967
0.6021465
0.340808
0.0748924
0.2614793
0.5603855
0.6370939
0.06741119
0.6901066
0.666232
0.7372137
0.6621216
0.4980052
0.3954981
0.2205307
0.2644107
0.5079177
0.6108862
0.707236
0.1770109
0.06785617
0.7486035
0.7036114
0.8458313
0.1827255
0.6706547
0.6895717
0.2850769
0.2583345
0.5805331
0.325839
0.6465417
0.5756579
0.5053988
0.4228643
0.2738891
0.6382563
0.1807348
0.3942239
0.3904412
0.324801
0.2585049
0.7509599
0.7327657
0.5219378
0.2207762
0.1754601
0.260096
0.1960803
0.6356784
0.5288253
0.509935
0.722919
0.4695995
0.5562796
0.6664046
0.392912
0.6597569
0.1350744
0.7136144
0.6576489
0.6427999
0.07330032
0.3848351
0.06252194
0.7098568
0.2951634
0.1164408
0.2109973
0.5416919
0.5577386
0.2933917
0.1773296
0.6230169
0.4666596
0.6908977
0.1788235
0.1500663
0.4931098
0.4309072
0.7411262
0.1486991
0.6585964
0.7266683
0.8086499
0.2123893
0.2006167
0.4691765
0.08667979
0.5966858
0.3103216
0.7179704
0.2960658
0.5062235
0.7292841
0.1025145
0.6393786
0.6668894
0.635866
0.6219125
0.5990841
0.6598668
0.3229604
0.3341964
0.4207906
0.1778768
0.007778492
0.6797619
0.7895104
0.4226321
0.1923958
0.3584027
0.7802155
0.4240741
0.5247346
0.4748983
0.4630643
0.3963121
0.6406147
0.2542184
0.1723721
0.1710345
0.2678161
0.2887602
0.4561653
0.371622
0.8320603
0.1973004
0.7697551
0.1906078
0.6260123
0.7706053
0.1463899
-0.1721083
0.02468774
0.562782
0.2356865
0.2655144
0.2014749
0.5099173
0.7925048
0.4781784
0.5463018
0.6281771
0.2992908
0.7465243
0.4764738
0.8177892
0.09653331
0.483819
0.537939
0.2627561
0.7419486
0.6574006
0.5459054
0.6527861
0.4847945
0.6270476
0.6486667
0.2510441
0.3908855
0.3221187
0.6160137
0.6562151
0.4387031
0.6199326
0.5840914
0.6529841
0.5870408
0.5730812
0.1389293
0.629906
0.2931716
0.009788405
-0.05102504
0.3026248
0.7715972
0.7104069
0.2551095
0.3767052
0.602475
0.09654088
0.2337791
0.1827504
-0.08338694
0.1153074
0.7060723
0.6839168
0.5485055
-0.0635999
0.6945866
0.4833815
0.0917897
0.02507394
0.434507
0.5206895
0.09696446
0.5587246
0.5478583
0.7574673
0.6287672
0.2216624
0.6372852
0.3241352
0.1175865
-0.02465226
0.6275691
0.5199577
0.05517572
0.2526019
0.6004988
0.247075
0.1930343
0.8287881
0.5093784
0.571628
0.7183445
0.5309136
0.4603708
0.7022042
0.462633
0.7366544
0.6913633
0.2309023
0.8269326
0.5999155
0.6308249
0.1784877
0.6075268
0.8539013
0.395398
0.5169542
0.6767226
0.3834819
0.1432471
0.7090643
0.459341
0.1162656
0.3745743
-0.1786867
-0.08440334
0.282599
0.5541438
0.4370557
0.2008893
0.589531
0.3675458
0.5117631
0.6049311
0.331068
0.3176922
0.8139297
0.5242901
0.1523803
0.2513663
0.6312059
0.7543237
0.1582536
0.7285707
0.6622962
0.5034255
0.6848584
0.1015837
0.6580859
0.5761984
0.549565
0.3743922
0.04257739
0.522815
0.4235119
0.7329804
0.5977751
0.7005558
-0.1479584
0.5096597
0.6770024
0.1129159
0.7044277
0.4155066
0.2540816
0.1400545
0.3949034
-0.0007619582
0.1190722
0.6260488
0.1680929
0.469628
0.2427878
0.3829527
0.3319888
0.2737248
0.06604393
0.5443769
0.2786997
0.714226
0.7225181
0.1599926
0.4612134
0.1356727
0.6487301
0.683969
0.3088269
0.6448538
0.6283222
0.3116125
0.3883554
0.2919606
0.294888
0.3807116
0.6146253
0.6484126
-0.04839439
0.4638123
0.6346669
0.5809717
0.5666037
0.324521
0.7109759
0.2973941
0.2188951
0.5350615
0.3694638
0.1927224
0.6389211
0.4950301
-0.207105
0.2496763
0.3870278
0.06806021
0.03713903
0.3364622
0.3820225
0.5477596
0.7692112
0.2590092
0.02715693
0.02008548
-0.1492291
0.6958103
0.4145093
0.7694073
0.3237313
0.4852587
0.5858477
0.6973595
0.6803514
0.5546789
0.5186128
0.4555217
0.5386902
0.1079029
0.5657595
0.4947763
0.0254903
0.4234895
0.3972832
0.5246414
0.3815513
0.6784923
0.6907238
0.5540514
0.597667
0.4331909
0.4349258
0.2978648
0.7069086
0.2238255
0.5471972
0.1135782
0.3408089
0.7167954
0.3079674
0.07560461
0.5823412
0.1150224
0.5566945
0.1861835
0.2195038
0.3704069
0.6318321
0.6073914
0.5047023
0.6584562
0.410448
0.5838065
0.4023892
0.6456145
0.6808097
0.8467259
0.4875416
0.7201382
0.6009529
0.3395196
0.6521118
0.1452436
0.4584437
0.3209562
0.5420575
0.4672711
0.1802709
0.5403246
0.04925656
0.1751285
0.2200174
0.5434636
0.5315926
0.525146
0.6402344
0.489495
0.04183373
0.4024627
0.5229069
0.6419921
0.6590122
0.6991565
0.7543266
0.59185
0.4434555
0.5704711
0.5687194
0.5498255
0.02849402
0.3063037
-0.04444808
0.5404261
0.6880014
0.2605869
0.2326773
0.4311097
0.5783571
0.5921926
0.288863
0.08815853
0.5273092
0.5320924
0.5870887
0.7501864
0.229117
0.7098652
0.4063724
0.1628046
0.4723929
0.2629922
0.750196
0.5554355
0.6511644
0.6795508
0.344121
0.2702547
0.6776679
0.8123189
0.802427
0.4792421
0.6291827
0.5250871
0.7370671
0.4069
0.2715243
0.3763588
0.2509407
0.6843188
0.1605539
0.3411496
0.5472229
-0.05294858
0.675424
0.76471
0.6322463
-0.09404516
0.3936853
0.5427849
0.4637419
0.7918181
-0.09728702
0.09123314
0.323598
0.7220763
0.110354
0.4341947
0.41412
0.47282
0.009613636
0.7483608
0.2819505
0.7753007
0.7715045
0.5686788
0.08297782
0.5467592
0.5157099
0.6851576
0.6959217
0.7277292
0.4589211
-0.02231177
0.7322801
0.1469528
0.6905049
0.6561596
0.7695433
0.7069267
0.1118881
0.3368873
0.4563514
-0.03535917
0.7011214
0.4803331
0.7444028
0.5805584
0.5158802
0.4562494
0.7257979
0.4088421
0.640193
0.184071
0.3286276
0.7377457
0.008596097
0.6923791
0.5186002
0.4767158
0.783157
0.4956833
0.4680577
0.8084038
0.4202062
0.2794405
0.1740944
0.391085
0.2940533
0.2064981
0.2245119
0.8015079
0.1261945
0.5976167
0.2921873
0.2651234
0.7715364
0.5191164
0.6018145
0.3800983
0.06899247
0.4397053
0.08076622
-0.06476624
0.4676736
0.558468
-0.1511646
0.5003983
0.3936563
0.4182444
0.4548837
0.5576749
0.2937067
0.7182746
0.388872
0.5778809
0.3442553
0.2184675
0.4551165
0.3136327
0.5745324
0.5463709
-0.07218502
0.6852527
0.3776596
0.6359197
0.7909339
-0.01305611
0.1049591
0.1543907
0.3972134
0.1190786
0.7889301
0.7461731
0.7499742
0.2492795
0.5629295
0.6132729
0.5977805
0.1970356
0.1299185
-0.04348111
0.3034273
0.5144995
0.4545551
0.4839181
0.5194027
0.7250728
0.7469861
0.6497384
0.2990697
0.2919655
0.3579184
0.2690443
0.5514911
0.07263792
0.7702658
0.6158192
0.586973
0.3980106
-0.09657351
0.6079516
0.04905301
0.1613976
0.6105695
0.564957
0.7447447
0.3827256
0.2192806
0.7588637
0.6707198
0.7337805
0.5514974
0.4926971
0.469922
0.6690635
0.6500751
0.4679097
0.4030271
0.4907871
0.3767959
0.6459145
0.657292
0.5172735
0.4198212
0.2074676
0.08961321
0.2213078
0.7500829
0.6921238
0.2815317
0.6048582
0.2288577
0.5178062
0.149285
0.3526651
0.800859
0.5749903
0.3575329
0.3497467
0.6759822
0.2489076
0.2592807
-0.01288221
0.5163707
0.4200286
0.4032816
0.4157674
-0.08966347
0.5121146
0.6977964
0.500055
0.1305385
0.6137794
0.2952873
0.5491365
0.6712198
0.2887831
0.7042173
0.1212327
0.03145262
0.7129442
0.5746737
0.6851853
0.1570178
0.350077
0.5842119
0.4809995
0.3504488
0.564364
0.6440284
-0.1981504
0.7336244
0.5208862
0.2310879
0.5446369
0.3430913
0.5097535
0.3778796
0.7710893
0.5377915
0.4346265
0.4361273
0.5836959
0.7292963
0.05860136
0.3447696
0.4784441
0.6088831
-0.03518004
0.7252484
0.5594785
0.3121342
0.5909371
0.6546923
0.8031917
0.4923052
0.04489866
0.7108752
0.107539
0.6224286
0.4623305
0.6598233
0.5793635
0.6838794
0.2509533
0.3224626
0.2763725
0.2502527
0.3415127
0.5145573
0.1312764
0.6368095
0.7730169
0.6432555
-0.04267926
0.6464121
0.1687491
0.6431861
0.1157454
0.7046682
0.4195606
0.1862609
0.5636419
0.3883308
0.8208853
0.5817936
0.1460504
0.4514485
0.406205
0.440373
0.2250232
0.6884909
0.6990996
0.6623151
0.2269687
0.5860803
0.4839864
0.5687138
0.5851723
0.1583233
-0.09314852
0.5499183
0.7594127
0.2723167
0.7332084
0.01957442
0.7869079
0.5959129
0.5276758
0.2060981
0.5230091
0.5584217
0.5232189
0.03921815
0.5380731
0.004736078
0.5407893
0.4309345
0.322136
0.6772627
0.04497644
0.5128149
0.4530414
0.696898
0.4337265
0.2726661
0.2895833
0.595798
0.07270937
0.3766997
0.6609889
0.6755524
0.6592537
0.005294393
-0.09792233
0.506583
-0.1061015
0.1913079
0.4856651
0.317722
0.5794704
0.1815984
0.7151388
0.3986955
0.3321494
0.7373413
0.4207963
0.6413885
0.3448412
0.782845
0.07343452
0.2219032
0.09512514
0.6502828
0.7147334
0.1736577
0.4763148
0.3909503
0.6858458
0.2505863
0.258402
0.1536117
0.4317235
0.8059961
0.7179918
0.5837153
-0.1903903
0.1188108
0.5459213
0.3971294
0.4252921
0.5812483
0.3374372
0.4389734
-0.1542509
0.4915156
-0.07580452
0.2195465
0.5430418
0.6974395
0.1708075
-0.003894853
0.5564605
0.3803466
0.8197568
0.5279751
0.5802575
0.5450431
0.2332209
0.3621042
0.1561594
0.04500841
0.4759582
0.5852054
0.7068188
0.008678368
0.6158982
0.6222206
0.6072024
0.1871424
0.5867334
0.5337209
0.1596094
0.3189547
0.111936
0.7145172
0.4227359
0.7100268
0.3980811
0.3448005
0.09503467
0.4058891
0.3546207
0.1506294
-0.1369733
0.6686017
0.5569452
0.6521104
0.7600292
0.5555937
-0.02473223
0.5057502
0.6833606
0.1733372
0.5466117
0.3506678
0.7150864
-0.003773903
0.6774712
0.08557055
0.591182
0.4117911
0.572207
0.7047501
0.2275045
0.7746421
0.5800601
0.3869816
0.7548653
0.1742776
0.7291982
0.7504132
0.586279
0.7552094
0.5169377
0.7603965
0.5694548
0.3778829
0.4816007
0.4293323
0.4553773
0.3280078
0.5464375
0.1179908
0.2625317
0.6733756
0.2602479
0.7461003
0.5570488
0.2983029
0.4041132
0.1343902
0.1430518
0.1099424
0.3840945
0.3040711
-0.06676925
0.4110896
0.3670575
0.3723733
0.2064572
0.5181172
0.7588804
0.5745295
0.6177407
0.5617937
0.699392
0.4664572
-0.07178692
0.6632375
0.8357429
0.7238018
0.3613994
0.6927449
0.06488926
0.375278
0.296891
0.2737179
0.3659399
0.7007774
0.6317885
0.6030528
0.5162877
0.5696245
0.461936
0.2707284
0.2410305
0.2844914
0.6293252
0.5545007
0.8025796
0.05061406
-0.06835471
0.5091221
0.3987775
0.6101571
0.219247
0.6649691
0.1656585
0.3733278
0.6931928
0.5691875
0.5288705
0.3273411
0.0445136
0.4735758
0.4579682
0.3616501
0.2081161
0.06188721
0.7562887
0.4655481
0.4022246
0.432694
0.5838233
0.3883183
0.6303029
0.7380002
0.7552739
0.5760004
0.2655295
0.7717207
0.5090721
0.4493337
0.2572473
-0.03525057
0.3911587
0.6348533
0.7363023
0.382299
0.6357571
0.5317992
0.3613617
0.7248234
0.7543499
0.4915777
0.174136
0.08094278
0.05861198
0.7742756
0.3859779
0.5660422
0.6943884
0.7357927
-0.02232979
0.1921463
0.5279173
0.1466683
0.4740757
0.3190037
0.6092367
0.631429
0.3888444
0.3114313
0.448486
0.6671791
0.8222093
0.4860434
0.6870648
0.2213645
0.4001748
0.8268857
0.7658302
0.01653814
0.3400029
0.4770929
0.4412965
-0.1490703
0.5793719
0.4747658
0.07457639
0.5246683
0.4282769
0.5159447
0.6205105
0.5962444
0.4011799
0.1534875
0.2507516
0.1069215
0.4658809
0.6793602
0.5485647
0.7015286
0.8509832
0.6677497
0.327553
0.5051866
-0.2140543
0.4200064
0.295063
0.8050387
0.648293
0.5668354
0.4255753
0.1760451
0.5024848
0.5867764
0.4785853
0.5088739
0.4192429
0.6544568
0.3009933
0.5876431
0.3371996
0.3802019
0.1698376
0.6056795
0.2220617
0.727427
0.7958774
0.1200156
0.5101418
0.6975717
0.6436125
0.5566491
0.6549766
0.3929876
0.3945287
0.8374307
0.4620902
0.6365986
0.5659952
0.3973946
-0.1947105
0.5246533
0.701226
0.7496162
0.2854323
0.189853
0.2989403
0.2231902
0.6406066
0.674438
0.4165368
0.6613476
0.5969285
0.6242725
0.435916
0.577337
0.1075052
0.7705718
0.4730326
0.07051802
0.6641128
0.5894999
0.4761739
0.06393138
0.1523779
0.2340654
0.1454187
0.6509268
0.4002357
0.375687
0.5419674
0.4998886
0.6067032
0.3105251
0.03278573
0.2456723
0.1019707
0.3814197
0.03297912
0.7264932
0.4897669
-0.01124562
0.2361683
0.6757726
0.4354084
0.6370083
0.7104358
0.6264047
0.5380702
0.8121574
0.1650955
0.5588216
0.3978753
0.3074596
0.414393
0.6544266
0.4706436
0.6503277
0.257965
0.3952053
0.6318995
0.7233738
0.7826823
0.110798
0.2229694
0.4721356
0.2686035
0.3330292
0.224949
0.5683909
0.7098514
0.5938648
0.4082298
0.120644
0.4380205
0.8154046
0.7115931
0.2167247
0.6945408
0.4845102
0.3232466
0.625355
0.3941423
0.1768564
0.5721059
0.6172285
-0.1027522
0.1404996
0.536496
-0.007814111
0.06787385
0.3984567
0.4461109
0.4368085
0.6671093
0.5485794
0.5201836
0.7220059
0.7397108
0.4813187
0.1729074
0.09816849
0.7593052
0.3861005
0.3532024
0.4023793
0.3042753
0.07053757
0.5991489
0.4508964
0.5405466
0.3818466
0.6529465
0.3530716
0.3829009
0.5613737
0.6984824
0.5832238
0.2195459
0.2934627
0.5525202
0.8455503
0.6663836
0.5082491
0.06743177
0.5242786
0.3245913
0.711291
0.7250756
0.3861118
0.6210087
0.572342
0.4494154
0.3307185
0.5134336
0.6612025
0.2435725
0.3222659
0.19886
0.4164236
0.8624009
0.6935894
0.286932
0.4014469
0.5391787
0.4555326
-0.1663203
0.519356
0.3845982
0.3332789
0.7248736
0.5037133
0.1305129
-0.2412987
0.1746868
0.2338556
0.5925886
0.557969
0.4106703
0.3896309
0.3414535
0.1950348
0.8421116
0.6821558
0.6606055
0.4137164
0.6628723
0.4875255
0.4718186
0.2145777
0.4828711
0.3236162
0.3867464
0.3719079
0.4313292
0.322803
0.5612342
0.5975376
0.570695
0.1949807
0.338866
0.1602792
0.4039081
0.4918032
0.2743136
0.4680401
0.1187035
0.3905327
0.6841898
0.7276977
0.3097434
0.3808924
0.5823892
0.6300362
0.5600847
0.7316217
0.551263
0.4991024
0.6092659
0.4996614
0.481682
0.5765763
0.3572209
0.354318
0.2565929
0.7456872
0.112481
0.1300429
0.5355266
0.8436675
0.5126957
0.5865663
0.1460195
0.8289225
0.7470101
0.3565578
0.6099286
0.7273811
0.7526764
0.4371256
0.7636507
0.4518445
0.165033
0.4919534
0.3987276
0.2528684
0.5721294
-0.06980591
0.6694101
0.3168085
0.5647791
0.4795424
0.05318805
0.5599101
0.7034014
0.5301676
0.4091444
0.2378919
0.4368022
0.1527816
0.6701508
0.0892587
0.5047636
0.6264975
0.5068859
0.425494
0.3470531
0.6371664
0.2922839
0.1608114
0.1815679
0.5164364
0.5126032
0.5997873
0.6543132
0.4724095
0.2564372
0.1702794
0.5094435
0.3170866
0.7905455
0.8411952
0.4799801
0.6491613
0.3675943
0.7424764
0.2936014
0.01762707
0.5560586
0.1716033
0.02975665
0.6214339
0.6250527
0.5051276
0.4576108
0.5091795
0.3852037
0.1501464
0.5559444
0.6980735
0.3254313
0.7325361
0.2808224
0.2705384
0.749774
0.4638454
0.7896097
0.6248111
-0.01328285
0.466779
0.3258709
0.6228238
0.2561331
0.6928758
0.4141871
-0.1198458
0.7279297
0.2008687
0.2524528
0.2417896
0.3039072
0.2395986
0.699983
0.7338108
0.6039466
0.4841254
0.7194958
-0.04705604
0.6657477
0.7874811
0.7736577
0.4053985
0.226275
0.6970651
0.00125374
0.603254
0.2821979
0.7001262
0.01714112
0.68325
0.7989074
0.3594978
0.1786164
0.7821003
0.07631765
0.04812872
0.6284886
0.5657274
0.6042558
0.5646595
0.6574071
0.4052266
0.1552867
0.7599321
0.7553871
0.6178182
0.3174612
0.6139848
0.2187851
0.6362326
0.3201629
0.4720248
0.5067586
0.1871487
0.022251
0.7848014
0.7508775
0.5968095
0.6752039
0.3165819
0.3649238
0.05088288
0.4761168
0.7779823
0.40909
-0.05118338
0.6621794
0.06865614
0.1194061
0.46651
0.7554034
0.4229835
0.2641474
0.3446005
0.5752648
0.5619189
0.7347238
0.6932329
0.08220561
-0.05679038
0.204199
0.5385667
0.5148214
0.7416613
0.7846247
0.03861339
0.1862409
0.7627537
0.4335552
0.6676476
0.5919521
0.4166426
0.8200312
0.7822196
0.705689
0.05749659
0.1882168
0.3473799
0.4824965
0.7451234
0.7036645
0.5260795
0.5686338
0.4893406
0.6625607
0.3587734
0.5208044
-0.2060598
0.761058
0.0119856
0.5853505
0.2219921
0.6215584
0.1822729
0.2351868
0.4341734
0.4328371
0.3182905
0.1082744
0.6254314
-0.0009460871
0.7033004
0.6503011
0.1879963
0.5918948
0.1294477
0.4871079
0.5958458
0.5699796
0.6718803
0.5425727
0.4272561
0.5053675
0.7214732
0.7341254
0.5062468
0.807714
0.6473521
0.4586281
0.3085278
-0.01678008
0.7770042
-0.001707023
0.1269759
0.4190308
0.6660968
0.4229033
0.2485277
0.3179134
0.141799
0.7140129
0.096039
0.1041352
0.6758934
0.0651174
0.5996698
0.6676197
0.2024048
0.2072216
0.7698075
0.7079273
0.3598253
0.6032862
0.01478143
0.5497837
0.3601747
0.655578
0.5002098
0.3858376
0.6852951
-0.08065853
0.760984
0.6375063
0.6763205
0.5299532
0.1259017
0.6670547
0.7830327
0.3404046
0.7095372
0.4260726
0.3337923
0.5019602
0.1627598
0.4906187
0.3030867
0.6774699
0.7653375
0.6630475
0.4875045
0.6612507
0.1694375
-0.1473508
0.6115606
0.4383907
0.488505
0.255136
0.569805
0.5259453
0.4483
0.5223649
0.6460935
0.7209513
0.7352389
0.1215381
0.4405084
0.6558625
0.5294566
0.7049466
0.6383446
0.2407038
0.6370471
0.178655
0.5393155
0.3021383
0.4492833
0.6666948
0.3321586
0.4567103
0.6208447
0.2757201
0.7087427
0.5879687
0.7439366
0.111188
0.5310256
0.03177948
0.2237527
0.3265715
0.3449122
0.7003239
0.24956
0.3339413
-0.2140543
0.676623
0.1498656
0.4641953
0.6882027
0.5889767
0.3978853
0.7114966
0.6136798
0.3583169
0.6974359
0.605448
0.6452194
0.4287455
0.6223947
0.5871088
0.3876219
0.08887587
0.6331629
0.6032839
0.5541602
0.6644214
0.6260484
0.2722837
0.4802267
0.669584
0.4463541
0.5910288
0.1995776
0.2168642
0.3279675
0.4339889
0.03487833
0.3087349
0.3305695
-0.1679648
0.7764836
0.5672415
0.55501
0.7300624
0.348901
0.2350635
0.2052439
0.6547849
0.6272118
0.6074179
0.7139737
-0.1073261
0.2287447
0.4933889
0.4996533
0.1027347
0.577106
0.08102023
0.107464
0.7868065
0.6022592
0.7324953
0.03378348
0.458898
0.4868498
0.0715853
0.6246919
0.7448059
0.3234947
0.7284667
0.09940211
0.2389183
0.3053823
0.2830837
-0.03562083
0.4847273
0.3503273
0.782609
0.05187086
0.6278276
0.6197034
0.5548453
-0.03627013
0.3937406
0.1868109
0.5453965
0.2270607
0.7724849
0.5413675
0.6248301
0.07261331
0.2313475
0.7067878
0.2429718
0.3578023
0.7583556
-0.0258402
0.7625324
0.4078953
0.5320007
0.7040149
0.7478127
0.2997588
0.5674169
0.6146725
0.468774
0.4937663
0.4524385
0.6403363
0.1736084
NA
0.474452
0.4162267
0.3677225
0.426467
0.7953586
0.5870433
0.542389
0.5547554
0.4814248
0.4515553
0.5651141
0.6899944
0.436855
0.2836441
0.5803258
0.7673059
0.638243
0.3594555
0.6750353
0.373756
0.6449311
0.6972768
0.4155051
0.2948803
0.1543532
0.4442968
0.1036876
0.3497216
0.594846
0.5319102
0.8151411
0.5299561
0.8470021
0.6303943
-0.1071306
0.579931
0.6805385
0.7130859
0.5801509
0.2594676
0.664106
0.4994751
0.2346822
0.6253889
0.5909358
0.09919294
0.2939342
0.6577176
0.7220842
0.1952598
0.728203
0.3464585
0.5939264
0.2150253
0.6792759
0.5922642
0.5393217
0.6690164
-0.01975649
0.48749
0.5711772
0.7066079
0.2864534
0.7507279
0.3829987
0.7713112
0.4479975
0.4500878
0.479518
0.6752799
0.4505485
0.0720044
0.3123629
0.5688553
0.6114002
0.4683715
0.2286314
0.6222584
0.338793
0.5109143
0.2290004
0.349219
0.4771523
0.4070563
0.7006566
0.8319265
0.5719167
0.6236819
0.3277644
0.7868195
0.4758793
0.6039663
-0.08966347
0.3597024
0.2615047
0.4399389
0.2406188
0.738543
0.4840588
0.2552745
0.6753132
0.3655775
0.03027615
0.5372142
0.0827347
-0.03869567
0.4173267
0.1968403
0.8730773
0.2003284
0.7730169
0.3114504
0.4549996
0.685692
0.5786442
0.7837376
0.7936534
0.5967113
0.4955004
0.6943305
0.6504622
0.4863975
0.7309064
0.7508167
0.4169795
0.6818997
0.8067732
0.2223771
0.5088021
0.6370981
0.5476043
0.7619668
0.3474683
0.5695805
0.8572741
0.7103316
0.5925739
0.7278175
0.7720039
0.5937205
0.5358854
0.5996354
0.3615291
0.5960259
0.4777443
-0.1309502
0.5329076
0.6067783
0.6408782
0.6371652
0.3448303
0.1816901
0.7618177
0.2854066
0.5740138
0.6511088
0.3152261
0.4723101
0.5648807
0.395799
0.7852631
0.5671136
0.3529031
0.6504388
0.2322842
0.3935077
0.08625467
0.4839443
0.6382753
0.7020923
0.4643329
0.3538091
0.6375077
0.4566559
0.1934928
0.5498149
0.3514288
0.1454202
0.6391639
0.2213847
0.4440246
0.5260425
0.6945196
0.5299695
0.3440176
0.4072682
0.00935749
0.6005637
0.1107519
-0.06086943
-0.1236917
0.1169569
0.6601183
0.3537211
0.2278055
0.7442817
0.6217981
0.6341329
0.07590757
-0.04519794
0.7148856
0.6377196
0.4439642
0.09389748
0.7383094
0.5079775
0.7028075
0.5864724
0.7697906
0.6589624
0.6098047
0.6291484
0.5202047
0.4946028
0.5702469
0.5811403
0.861597
0.5722405
0.7628743
0.7337909
-0.03303442
0.6246192
0.4994641
-0.05850685
0.07154295
0.1925849
0.661862
0.1168877
0.5648368
0.4111479
0.3179383
0.1523026
0.385398
0.2865705
0.4447116
0.4192386
0.3067756
0.5968696
0.4830251
0.4339997
-0.1662152
0.3826631
0.6436025
0.6566191
0.3545362
0.7516033
0.6158995
0.4214143
0.5814075
0.3376694
0.03625759
0.1264565
0.5647707
0.7619571
0.5070776
0.5974768
0.4240528
0.4511268
0.493094
0.5206723
0.2964022
0.6421299
0.2085287
0.6010997
0.4766337
0.816526
0.5578385
0.2621664
0.04592817
0.3416151
0.1270218
0.710661
0.4877257
0.09824911
0.3265003
0.5656035
0.5549089
0.1081511
0.4790445
0.1689001
0.6660444
0.1812828
0.3167505
0.4717532
0.7594014
0.3276605
0.6552348
0.2467895
0.369947
0.6318321
0.4203215
0.7173822
0.5809134
0.6804919
0.3349406
0.6746303
0.7821149
0.5992622
0.3320438
0.6020909
0.5588588
0.4754268
0.3232264
0.6324346
0.6604861
0.2123435
0.716476
0.630873
0.09861004
0.02047614
0.7466709
0.4624854
0.3327904
0.2385516
0.3049748
0.6845736
0.3721681
0.5779912
0.04555055
-0.06874301
0.3934872
0.5326666
0.2463573
0.3579974
0.3523409
0.4791743
0.6567767
0.6234913
0.5160671
0.1023505
0.1002403
0.05541242
0.5743595
0.6840651
0.3451585
0.2907233
0.3039554
0.3603685
0.6259197
0.6451949
0.7145243
0.3380269
1.181034e-05
0.4176623
0.2094046
0.712419
0.4446503
0.07988781
0.8059943
0.339742
0.8269453
0.5206074
0.7550078
0.7469759
0.4927689
0.6730797
0.1772708
0.5774006
0.2244654
0.01048846
0.766848
0.7323511
-0.0148943
0.6602063
0.3812921
0.6457328
0.7424474
0.814038
0.2006226
0.3780263
0.5562593
0.8485743
0.790817
0.3825808
0.6443461
0.7637677
0.5466874
0.5741067
0.2071229
0.09236209
0.3500668
0.2180495
0.4358047
0.4541538
0.4440847
0.1667122
0.02049769
0.287233
0.6444935
0.4615044
0.8351577
0.6685016
0.4240141
0.2158744
0.5004465
0.6895391
0.4841673
0.5101287
-0.02119051
0.6459977
0.1430112
0.5863659
0.60203
0.511853
0.1262572
0.005719862
0.1178794
0.5279578
0.6059994
0.5037518
0.4717315
0.7336836
0.6287928
0.6199971
0.402046
-0.01044734
0.2937702
0.5148921
0.6502824
0.3458764
0.4788973
0.5642026
0.1193319
-0.03598456
0.5995767
0.1471496
0.4841154
0.6460265
0.3699256
0.3272747
0.5144128
0.7119948
0.7085617
0.2180532
0.634869
0.2492633
0.193869
0.7815184
0.5737215
0.1690205
0.3297004
0.3085559
0.8809449
0.2734942
0.2193404
0.05830803
0.2986291
0.2108267
0.4473046
0.06500956
0.6111717
0.7731375
0.6375747
0.5327648
0.6313863
0.3739972
0.2911833
0.4696816
0.7874538
-0.02927542
0.7116837
0.3698945
0.4119766
0.2384784
0.8180734
0.2059834
0.7771679
0.2681452
0.5936399
0.02858667
0.1977178
0.6690351
0.1066192
0.4605511
0.468896
0.4359649
0.08825335
0.7480465
0.4721359
0.5881528
0.2904401
0.8417023
0.3994524
0.2238918
0.566011
0.03485665
0.6621822
0.4897315
0.6169881
0.636417
0.5357843
0.7399675
0.7515362
0.4776655
0.4733512
0.8005412
0.4034566
0.5483074
0.2608388
0.1562279
0.590062
0.5958061
0.4584808
0.682484
-0.00448527
0.2665504
0.5284863
0.06594175
0.4544392
0.2461163
0.424007
0.4061085
0.6214229
0.05453454
0.7079554
0.4319997
0.7326627
0.553824
0.4639992
0.1379864
0.6858781
0.7633719
0.004766545
0.7233163
-0.2294765
0.4728349
0.1461877
0.6159127
0.6446383
0.4775024
0.32849
0.5827662
0.4056474
0.7678288
0.1055541
0.07226408
0.3457237
0.4787642
0.5172058
0.6598243
0.1662703
0.4625413
0.8097764
0.5488906
0.4219891
0.6782569
0.5119109
0.7449695
0.4089131
0.610878
0.400329
0.6607489
0.5762758
0.3484992
0.1577493
0.4838361
0.5627916
0.7103866
0.8710876
0.4416934
0.2689579
0.3364178
0.8256143
0.6687381
0.4154517
0.6254159
0.7525303
0.4985341
0.3319078
0.3620387
0.4597203
0.6887515
0.7209739
0.3668835
0.134767
0.4341743
0.4591741
0.2488726
0.5465483
0.5606775
0.386075
0.3199312
0.4352828
0.6801276
0.6825466
0.4887134
0.7702704
0.5827141
0.140667
0.1377654
0.8090469
0.6024676
0.2517854
0.2006921
0.2641281
0.5058461
0.370181
0.5772507
0.4044735
0.6760672
0.4881945
0.8229064
0.2196551
0.4881584
0.6267168
0.7657318
0.8409435
0.09929557
0.6975586
0.4978139
0.5488729
0.0376828
0.6066472
0.6617433
0.7413866
0.6423861
0.7163776
0.6809117
0.1786331
0.2555026
0.06855632
0.6019229
0.6463363
0.5345083
0.03394404
0.1478118
0.8144854
0.422534
0.4681919
0.3300402
0.6586058
0.634036
0.4278099
0.4556398
0.3607363
0.4413113
0.7954221
0.6054099
0.2886317
0.7802169
0.2669118
0.4029975
0.5188293
0.04739579
0.5297641
0.7904667
0.7039167
0.7404032
0.8278501
0.6475085
0.3880626
0.4131459
0.6616482
0.3555262
0.2672093
0.7116431
0.7922957
0.6033368
-0.1711685
0.4426621
0.3043263
0.3354483
-0.01598203
0.0269578
0.3154067
0.2272734
0.2386008
0.705975
0.4079508
0.6233148
0.1043884
0.4491356
0.5260252
0.3298691
0.2290032
0.4585276
0.5131626
0.5525765
0.3764509
0.5936281
0.3143084
0.2389533
0.3805593
0.4334932
0.3754632
0.6952615
0.03567484
0.361059
0.3538149
0.1199318
0.2212852
0.7274302
0.7829799
0.7558714
0.8083446
0.4204094
0.5372098
0.06478148
-0.01355741
0.5711896
0.7898932
0.3267458
0.2049617
0.14347
0.5740036
0.6367476
0.6153037
0.2853065
0.5932354
0.5541763
0.6373847
NA
0.6834859
0.3308049
0.5019266
0.3599963
0.2953076
0.5993455
0.2286784
0.7250629
0.2534389
0.3159708
0.7411497
0.1661115
0.6537142
0.468112
0.4610571
0.4078449
0.1925281
0.3792093
0.03046922
0.6113551
0.5642941
0.6406435
-0.2013827
0.333055
0.7508466
0.6325971
0.7958569
0.711122
0.006501799
0.01825208
0.2168865
0.3016133
-0.07735908
0.1933565
0.6230044
0.4074115
0.2135494
0.2311861
0.3205289
0.5377794
0.233622
0.4463263
0.7159191
0.6079053
0.6833604
0.6376134
0.6785716
0.2405993
0.545977
0.3412677
0.5819283
0.8175748
0.3380879
0.6074142
0.4468096
0.5049845
0.6841201
0.5806892
0.2113202
0.3728692
0.4766336
0.5418383
0.2379981
0.6739679
0.677241
0.5057053
0.7224527
0.656298
0.1872585
0.4440533
0.08761285
0.3110576
0.7561093
0.5801185
0.06697261
0.2988096
0.7544377
0.2209512
0.2795135
0.741691
0.4072075
0.7390835
0.6371334
0.5082164
0.1122117
0.7358326
0.7520349
0.7480349
0.4554846
0.6724712
0.1992188
0.02893107
0.5894756
0.1745225
0.09571747
0.5809993
0.6496978
0.348913
0.1529971
0.5530562
0.3312352
0.3814667
0.5430205
0.6333568
0.827376
0.5421734
0.7618997
0.5923924
0.5372194
0.4492576
0.1571832
0.4483426
0.3425179
0.675738
0.5346736
0.3917467
0.07605095
0.3335148
0.3003445
0.774711
0.4642113
0.7330902
0.6739383
0.4151618
0.5198612
0.1277781
0.6083393
0.4086555
-0.05236865
0.6852048
0.2423763
0.3697828
0.1202554
0.1259554
0.3232176
0.7946068
0.5413118
0.7084025
0.5451412
0.1925516
0.6264175
0.6268827
0.5776819
0.6466272
0.5624982
-0.06319447
0.364639
0.5806504
0.6971391
0.5093508
0.6541611
0.7193754
0.6831239
0.2028475
0.002994643
0.3930758
0.5286314
0.1591035
0.7510783
0.736485
0.2424606
0.5393005
0.1274952
0.4820262
0.7023367
0.4141381
0.138937
0.6659487
0.3662627
0.2511983
0.6623266
0.3654286
0.1812809
-0.03946534
0.4140995
0.2926728
0.5685139
0.677436
0.3775482
0.7180304
0.3395207
0.7993448
0.6696652
0.452967
0.1851566
0.4750933
0.1419326
0.6506889
0.7707536
0.6195724
0.4598735
0.2825189
